100020005000,  1
100020005002,  2
100020025020,  3
100020025022,  4
100020025024,  5
100020025026,  6
100020025028,  7
100020025030,  8
100020025032,  9
100020025034,  10
100020025036,  11
100020025038,  12
100020025040,  13
100020025042,  14
101020445108,  15
101220465110,  16
101220465112,  17
101220465114,  18
101220465116,  19
101220465118,  20
101220465120,  21
101220465122,  22
101220465124,  23
101220465126,  24
101220465128,  25
101220465130,  26
101220465132,  27
101220465134,  28
101220465136,  29
101220465138,  30
101220465140,  31
101220465142,  32
101220465144,  33
101220465146,  34
101220465148,  35
101220465150,  36
101220465152,  37
101220465154,  38
101220465156,  39
101220465158,  40
101220465160,  41
101220465162,  42
101220465164,  43
101220465166,  44
101220465168,  45
101220465170,  46
101220465172,  47
101220465174,  48
101220465176,  49
101020485178,  50
101020485180,  51
101020485182,  52
101020485184,  53
101020485186,  54
101020525192,  55
101020525194,  56
101420565200,  57
101420565202,  58
101420565204,  59
101420565206,  60
101420565208,  61
101420565210,  62
101420565212,  63
101420565214,  64
101420565216,  65
101420565218,  66
101420565220,  67
100820585222,  68
100820585224,  69
100820585226,  70
100820585228,  71
100820605230,  72
100820605232,  73
100820605234,  74
100820605236,  75
100820625238,  76
100820625240,  77
100820625242,  78
100820625244,  79
100820645246,  80
100820645248,  81
100820645250,  82
100820665252,  83
100820665254,  84
100820665256,  85
100820207000,  86
100820207002,  87
100820207004,  88
100820207006,  89
100820207008,  90
100820207010,  91
101420507020,  92
101420507022,  93
101420507024,  94
101420507026,  95
101420507028,  96
101420507030,  97
101420507032,  98
101221005300,  99
101221025302,  100
101221045304,  101
101221065306,  102
101221085310,  103
101221085312,  104
101221085314,  105
101221085316,  106
101221085318,  107
101221085320,  108
101221085322,  109
101221085324,  110
101221085326,  111
101221085328,  112
101221085330,  113
101221105340,  114
101221105342,  115
101221105344,  116
101221105346,  117
101221105348,  118
101221105350,  119
101221105352,  120
101221105354,  121
101221105356,  122
101221105358,  123
101221105360,  124
101221125370,  125
101221125372,  126
101221125374,  127
101221125376,  128
101221125378,  129
101221125380,  130
101221125382,  131
101221125384,  132
101221125386,  133
101221125388,  134
101221125390,  135
101221125392,  136
101221125394,  137
101221125396,  138
101221125398,  139
101221125400,  140
101221125402,  141
101221125404,  142
101221145410,  143
101221145412,  144
101221145414,  145
101221145416,  146
101221145418,  147
101221145420,  148
101221145422,  149
101221145424,  150
101221145426,  151
101221145428,  152
101221145430,  153
101221145432,  154
101221145434,  155
101221145436,  156
101221165440,  157
101221165442,  158
101221165444,  159
101221165446,  160
101221165448,  161
101221165450,  162
101221165452,  163
101221165454,  164
101221165456,  165
101221165458,  166
101221165460,  167
101221165462,  168
101221185470,  169
101221185472,  170
101221185474,  171
101221185476,  172
101221185478,  173
101221185480,  174
101221185482,  175
101221185484,  176
101221185486,  177
101221185488,  178
101221185490,  179
101221185492,  180
101221185494,  181
101221205500,  182
101221205502,  183
101221205504,  184
101221205506,  185
101221205508,  186
101221205510,  187
101221205512,  188
101221205514,  189
101221205516,  190
101221205518,  191
101221205520,  192
101221205522,  193
101221205524,  194
101221225530,  195
101221225532,  196
101221225534,  197
101221225536,  198
101221225538,  199
101221225540,  200
101221225542,  201
101221225544,  202
101221225546,  203
101221225548,  204
101221225550,  205
101221245560,  206
101221245562,  207
101221245564,  208
101221245566,  209
101221245568,  210
101221245570,  211
101221245572,  212
101221245574,  213
101221245576,  214
101221245578,  215
101221245580,  216
101221245582,  217
101221245584,  218
101221245586,  219
101221245588,  220
101221245590,  221
101221245592,  222
101221265600,  223
101221265602,  224
101221265604,  225
101221265606,  226
101221265608,  227
101221265610,  228
101221265612,  229
101221265614,  230
101221265616,  231
101221285620,  232
101221285622,  233
101221285624,  234
101221285626,  235
101221285628,  236
101221285630,  237
101221285632,  238
101221285634,  239
101221285636,  240
101221285638,  241
101221285640,  242
101221305650,  243
101221305652,  244
101221305654,  245
101221305656,  246
101221305658,  247
101221305660,  248
101221305662,  249
101221305664,  250
101221305666,  251
101221305668,  252
101221305670,  253
101221305672,  254
101221305674,  255
101221305676,  256
101221305678,  257
101221305680,  258
101221305682,  259
101221325690,  260
101221325692,  261
101221325694,  262
101221325696,  263
101221325698,  264
101221325700,  265
101221325702,  266
101221325704,  267
101221325706,  268
101221325708,  269
101221325710,  270
101221325712,  271
101221325714,  272
101221325716,  273
101221325718,  274
101221325720,  275
101221325722,  276
101221325724,  277
101221345728,  278
101221345730,  279
101221345732,  280
101221345734,  281
101221345736,  282
101221345738,  283
101221345740,  284
101221345742,  285
101221345744,  286
101221345746,  287
101221345748,  288
101221345750,  289
101221345752,  290
101221345754,  291
101221345756,  292
101221345758,  293
101221365760,  294
101221365762,  295
101221365764,  296
101221365766,  297
101221365768,  298
101221365770,  299
101221365772,  300
101221365774,  301
101221365776,  302
101221365778,  303
101221365780,  304
101221365782,  305
101221365784,  306
101221365786,  307
101221365788,  308
101221385790,  309
101221385792,  310
101221385794,  311
101221385796,  312
101221385798,  313
101221385800,  314
101221385802,  315
101221385804,  316
101221385806,  317
101221385808,  318
101221385810,  319
101221385812,  320
101221385814,  321
101221385816,  322
101221385818,  323
101221385820,  324
101221385822,  325
101221385824,  326
101221385826,  327
101221385828,  328
101221385830,  329
101221405832,  330
101221405834,  331
101221405836,  332
101221405838,  333
101221405840,  334
101221405842,  335
101221405844,  336
101221405846,  337
101221405848,  338
101221425850,  339
101221425852,  340
101221425854,  341
101221425856,  342
101221425858,  343
101221425860,  344
101221425862,  345
101221425864,  346
101221425866,  347
101221425868,  348
101221445870,  349
101221445872,  350
101221445874,  351
101221445876,  352
101221445878,  353
101221445880,  354
101221445882,  355
101221445884,  356
101221445886,  357
101221445888,  358
101221445890,  359
101221445892,  360
101221445894,  361
101221445896,  362
101221445898,  363
101221445900,  364
101221445902,  365
101221445904,  366
101221445906,  367
101221445908,  368
101221445910,  369
101221445912,  370
101221445914,  371
101221465920,  372
101221465922,  373
101221465924,  374
101221465926,  375
101221465928,  376
101221465930,  377
101221465932,  378
101221465934,  379
101221465936,  380
101221465938,  381
101221465940,  382
101221465942,  383
101221485950,  384
101221485952,  385
101221485954,  386
101221485956,  387
101221485958,  388
101221485960,  389
101221485962,  390
101221485964,  391
101221485966,  392
101221485968,  393
101221485970,  394
101221485972,  395
101221485974,  396
101221485976,  397
101221485978,  398
101221485980,  399
101221485982,  400
101221505990,  401
101221505992,  402
101221505994,  403
101221505996,  404
101221505998,  405
101221506000,  406
101221506002,  407
101221526010,  408
101221526012,  409
101221526014,  410
101221526016,  411
101221526018,  412
101221526020,  413
101221526022,  414
101221526024,  415
101221526026,  416
101221526028,  417
101221546040,  418
101221546042,  419
101221546044,  420
101221546046,  421
101221546048,  422
101221546050,  423
101221546052,  424
101221546054,  425
101221546056,  426
101221546058,  427
101221546060,  428
101221546062,  429
101221546064,  430
101221546066,  431
101221546068,  432
101221566070,  433
101221566072,  434
101221566074,  435
101221566076,  436
101221566078,  437
101221566080,  438
101221566082,  439
101221566084,  440
101221566086,  441
101221566088,  442
101221586090,  443
101221586092,  444
101221586094,  445
101221586096,  446
101221586098,  447
101221606100,  448
101221606102,  449
101221606104,  450
101221606106,  451
101221606108,  452
101221606110,  453
101221606112,  454
101221606114,  455
101221606116,  456
101221606118,  457
101221606120,  458
101221606122,  459
101221606124,  460
101221606126,  461
101221606128,  462
101221606130,  463
101221606132,  464
101221606134,  465
101221606136,  466
105025007500,  467
101420706200,  468
101420706201,  469
101420706202,  470
101420706203,  471
101420706204,  472
101420706205,  473
101420706206,  474
101420706207,  475
101420706208,  476
101420706209,  477
101420706210,  478
101420706211,  479
101420706212,  480
101420706213,  481
101420706214,  482
101420706215,  483
101420706216,  484
101420706217,  485
101420706218,  486
101420706219,  487
101420706220,  488
101420706221,  489
101420706222,  490
101420706223,  491
101420706224,  492
101420706225,  493
101420706226,  494
101420706227,  495
101420706228,  496
101420706229,  497
101420706230,  498
101420706231,  499
101420706232,  500
101420706233,  501
101420706234,  502
101420706235,  503
101420706236,  504
101420706237,  505
101420706238,  506
101420706239,  507
101420706240,  508
101420706241,  509
101420706242,  510
101420706243,  511
101420706244,  512
101420706245,  513
101420706246,  514
101420706247,  515
101420706248,  516
101420706249,  517
101420706250,  518
101420706251,  519
101420706252,  520
101420706253,  521
101420706254,  522
101420706255,  523
101420706256,  524
101420706257,  525
101420706258,  526
101420706259,  527
101420706260,  528
101420706261,  529
101420706262,  530
101420706263,  531
101420706264,  532
101420706265,  533
101420706266,  534
101420706267,  535
101420706268,  536
101420706269,  537
101420706270,  538
101420706271,  539
101420706272,  540
101420706273,  541
101420706274,  542
101420706275,  543
101420706276,  544
101420706277,  545
101420706278,  546
101420706279,  547
101420706280,  548
101420706281,  549
101420706282,  550
101420706283,  551
101420706284,  552
101420706285,  553
101420706286,  554
101420706287,  555
101420706288,  556
101420706289,  557
101420706290,  558
101420706291,  559
101420706292,  560
101420706293,  561
101420706294,  562
101420706295,  563
101420706296,  564
101420706297,  565
101420706298,  566
101420706299,  567
101420706300,  568
101420706301,  569
101420706302,  570
101420706303,  571
101420706304,  572
101420706305,  573
101420706306,  574
101420706307,  575
101420706308,  576
101420706309,  577
101420706310,  578
101420706311,  579
101420706312,  580
101420727100,  581
101420727102,  582
101420727104,  583
101420727106,  584
101420727108,  585
101420727110,  586
101420727112,  587
101420727114,  588
101420727116,  589
101420727118,  590
101420727120,  591
101420727122,  592
101420727124,  593
101420727126,  594
101420727128,  595
101420727130,  596
101420727132,  597
101420727134,  598
101420727136,  599
101420727138,  600
101420727140,  601
101420727142,  602
101420727144,  603
101420727146,  604
101420727148,  605
101420727150,  606
101420727152,  607
101420727154,  608
101420727156,  609
101420727158,  610
101420727160,  611
101420727162,  612
101420727164,  613
101420727166,  614
101420727168,  615
101420727170,  616
101420727172,  617
101420727174,  618
101420727176,  619